Depth (m)	TOC_Leco (%)	S1 (mg HC/g rock)	S2 (mg HC/g rock)	S3 (mg HC/g rock)	Tmax (°C)	HI (mg HC/g TOC)	OI (mg CO2/g TOC)	PI	Name
369.6	1.78	0.08	2.81	0.23	439	158	13	0.03	WellA
369.9	1.67	0.06	2.24	0.31	439	134	19	0.03	WellA
371.8	1.56	0.06	2.17	0.26	439	139	17	0.03	WellA
374.2	1.75	0.11	2.55	0.29	434	146	17	0.04	WellA
378.3	2.28	0.14	4.86	0.28	432	213	12	0.03	WellA
380.2	2.27	0.19	5.87	0.30	431	259	13	0.03	WellA
382.8	2.23	0.24	5.88	0.25	431	264	11	0.04	WellA
383.9	1.31	0.13	3.01	0.25	431	230	19	0.04	WellA
386.0	2.71	0.26	8.89	0.21	427	328	8	0.03	WellA
386.9	3.55	0.30	13.22	0.32	426	372	9	0.02	WellA
388.1	2.68	0.29	9.15	0.32	427	341	12	0.03	WellA
390.7	2.05	0.25	5.29	0.18	429	258	9	0.05	WellA
391.9	2.58	0.24	7.07	0.36	427	274	14	0.03	WellA
392.9	2.60	0.34	8.79	0.25	426	338	10	0.04	WellA
396.6	2.81	0.30	8.84	0.40	426	315	14	0.03	WellA
398.5	2.94	0.31	9.38	0.30	425	319	10	0.03	WellA
401.2	3.54	0.48	16.13	0.27	424	456	8	0.03	WellA
402.4	3.46	0.53	14.31	0.37	417	414	11	0.04	WellA
403.9	4.23	0.74	21.28	0.34	420	503	8	0.03	WellA
406.7	3.42	0.59	13.86	0.29	421	405	8	0.04	WellA
408.4	3.44	0.52	12.78	0.33	423	372	10	0.04	WellA
409.4	4.24	0.69	18.92	0.44	421	446	10	0.04	WellA
411.3	3.56	0.56	14.62	0.36	421	411	10	0.04	WellA
413.0	3.04	0.44	11.75	0.23	424	387	8	0.04	WellA
414.8	2.67	0.60	11.68	0.29	423	437	11	0.05	WellA
418.7	2.89	0.46	11.29	0.26	421	391	9	0.04	WellA
420.8	2.93	0.44	9.77	0.28	423	333	10	0.04	WellA
422.9	2.48	0.33	8.01	0.35	425	323	14	0.04	WellA
428.0	3.25	0.42	11.73	0.31	424	361	10	0.03	WellA
429.0	2.93	0.33	8.94	0.41	426	305	14	0.04	WellA
431.5	3.15	0.35	8.58	0.33	423	272	10	0.04	WellA
433.7	2.90	0.28	7.92	0.27	425	273	9	0.03	WellA
436.2	3.14	0.35	7.77	0.43	419	247	14	0.04	WellA
438.7	2.55	0.20	3.98	0.41	420	156	16	0.05	WellA
439.5	3.07	0.25	6.76	0.48	421	220	16	0.04	WellA
440.0	2.96	0.29	8.57	0.30	427	290	10	0.03	WellA
442.6	2.25	0.19	4.71	0.38	430	209	17	0.04	WellA
445.6	2.30	0.18	4.60	0.33	424	200	14	0.04	WellA
82.8	1.32	0.03	1.25	0.42	438	94.6969696969697	31.8181818181818	0.02	WellB
85.5	1.68	0.02	2.27	0.38	439	135.119047619048	22.6190476190476	0.00873362445414847	WellB
85.9	1.78	0.02	2.27	0.33	439	127.52808988764	18.5393258426966	0.00873362445414847	WellB
89.8	1.49	0.02	2.01	0.3	439	134.89932885906	20.1342281879195	0.00985221674876848	WellB
90.4	1.32	0.02	1.66	0.22	438	125.757575757576	16.6666666666667	0.0119047619047619	WellB
92.0	1.81	0.06	2.59	0.27	432	143.093922651934	14.9171270718232	0.0226415094339623	WellB
92.8	1.55	0.06	2.01	0.33	433	129.677419354839	21.2903225806452	0.0289855072463768	WellB
93.3	1.71	0.05	2.34	0.29	433	136.842105263158	16.9590643274854	0.0209205020920502	WellB
93.7	1.7	0.07	2.81	0.4	433	165.294117647059	23.5294117647059	0.0243055555555556	WellB
94.2	2.23	0.09	4.37	0.32	430	195.964125560538	14.3497757847534	0.0201793721973094	WellB
96.3	2.2	0.09	3.96	0.24	431	180	10.9090909090909	0.0222222222222222	WellB
96.7	2.15	0.06	4.26	0.4	432	198.139534883721	18.6046511627907	0.0138888888888889	WellB
97.8	2.65	0.16	6.78	0.33	430	255.849056603774	12.4528301886792	0.0230547550432277	WellB
97.8	2.79	0.13	6.56	0.33	430	235.125448028674	11.8279569892473	0.0194319880418535	WellB
98.8	2.05	0.09	3.45	0.28	424	168.292682926829	13.6585365853659	0.0254237288135593	WellB
99.4	2.15	0.13	3.64	0.32	422	169.302325581395	14.8837209302326	0.0344827586206897	WellB
99.7	2.55	0.13	4.08	0.44	423	160	17.2549019607843	0.0308788598574822	WellB
100.6	2.2	0.16	5.69	0.29	427	258.636363636364	13.1818181818182	0.0273504273504273	WellB
100.7	2.11	0.12	3.42	0.36	423	162.085308056872	17.0616113744076	0.0338983050847458	WellB
102.1	2.14	0.11	3.4	0.43	424	158.878504672897	20.0934579439252	0.0313390313390313	WellB
102.2	1.87	0.12	3.39	0.48	423	181.283422459893	25.668449197861	0.0341880341880342	WellB
103.9	2.21	0.12	6.46	0.24	427	292.307692307692	10.8597285067873	0.0182370820668693	WellB
104.0	1.99	0.13	5.96	0.28	428	299.497487437186	14.070351758794	0.0213464696223317	WellB
105.7	3.79	0.2	14.82	0.5	425	391.029023746702	13.1926121372032	0.0133155792276964	WellB
105.8	3.52	0.18	13.34	0.43	424	378.977272727273	12.2159090909091	0.0133136094674556	WellB
106.7	2.87	0.14	9.64	0.39	425	335.88850174216	13.588850174216	0.0143149284253579	WellB
107.0									WellB
108.6	1.87	0.1	5.75	0.27	427	307.486631016043	14.4385026737968	0.0170940170940171	WellB
108.8	2.55	0.1	5.66	0.38	420	221.960784313725	14.9019607843137	0.0173611111111111	WellB
109.8	2.33	0.12	7.55	0.38	426	324.034334763948	16.3090128755365	0.015645371577575	WellB
110.0									WellB
110.9	2.65	0.24	8.99	0.45	424	339.245283018868	16.9811320754717	0.0260021668472373	WellB
111.6	3.56	0.44	12.73	0.46	422	357.584269662921	12.9213483146067	0.0334092634776006	WellB
112.0	1.71	0.7	7.94	0.28	421	464.327485380117	16.374269005848	0.0810185185185185	WellB
112.8									WellB
113.8	2.69	0.36	11.33	0.36	423	421.189591078067	13.3828996282528	0.0307955517536356	WellB
114.0									WellB
114.9	3.59	0.48	14.95	0.43	420	416.434540389972	11.9777158774373	0.0311082307193778	WellB
115.8	3.13	0.46	12.97	0.45	419	414.376996805112	14.3769968051118	0.0342516753536858	WellB
117.0	2.92	0.39	8.8	0.37	415	301.369863013699	12.6712328767123	0.0424374319912949	WellB
117.3	2.88	0.41	11.09	0.33	422	385.069444444444	11.4583333333333	0.0356521739130435	WellB
118.2	4.51	0.38	19.77	0.56	420	438.359201773836	12.4168514412417	0.0188585607940447	WellB
118.7	3.39	0.4	11.27	0.38	415	332.448377581121	11.2094395280236	0.0342759211653813	WellB
119.5	4.01	0.54	15.27	0.48	416	380.798004987531	11.9700748129676	0.0341555977229602	WellB
120.1	4.47	0.59	15.06	0.39	416	336.912751677852	8.7248322147651	0.0376996805111821	WellB
121.1	3.62	0.79	17.62	0.42	421	486.740331491713	11.6022099447514	0.0429114611624117	WellB
121.3	4.7	0.95	19.7	0.48	415	419.148936170213	10.2127659574468	0.0460048426150121	WellB
121.9	3.32	0.65	10.9	0.44	413	328.313253012048	13.2530120481928	0.0562770562770563	WellB
122.8	3.76	0.39	15.64	0.42	420	415.957446808511	11.1702127659574	0.024329382407985	WellB
123.4	3.82	1.28	17.97	0.4	418	470.418848167539	10.4712041884817	0.0664935064935065	WellB
123.9	3.52	0.41	15.13	0.42	418	429.829545454545	11.9318181818182	0.0263835263835264	WellB
124.2	3.09	0.37	12.48	0.44	415	403.883495145631	14.2394822006473	0.0287937743190661	WellB
125.3	3.24	0.37	10.83	0.51	413	334.259259259259	15.7407407407407	0.0330357142857143	WellB
125.7	3.55	0.89	15.08	0.45	418	424.788732394366	12.6760563380282	0.0557294927989981	WellB
125.8	4.23	0.58	18.96	0.52	419	448.22695035461	12.2931442080378	0.029682702149437	WellB
126.8	3.4	0.41	10.28	0.43	415	302.352941176471	12.6470588235294	0.0383536014967259	WellB
127.1	3.41	0.41	11.58	0.49	416	339.589442815249	14.3695014662757	0.0341951626355296	WellB
128.0	3.63	0.39	11.83	0.35	414	325.895316804408	9.64187327823692	0.0319148936170213	WellB
128.3	3.18	0.35	9.3	0.51	416	292.452830188679	16.0377358490566	0.0362694300518135	WellB
128.7	3.24	0.35	10.05	0.45	417	310.185185185185	13.8888888888889	0.0336538461538461	WellB
129.2	3.87	0.51	11.98	0.45	416	309.560723514212	11.6279069767442	0.0408326661329063	WellB
129.5	4.43	0.71	17.21	0.73	413	388.487584650113	16.4785553047404	0.0396205357142857	WellB
130.8	3.06	0.93	13.37	0.35	416	436.928104575163	11.437908496732	0.065034965034965	WellB
130.8	2.31	0.76	9.07	0.28	416	392.640692640693	12.1212121212121	0.0773143438453713	WellB
132.3	3.39	0.88	16.13	0.3	417	475.811209439528	8.84955752212389	0.0517342739564962	WellB
132.7	3.64	0.83	14.93	0.53	414	410.164835164835	14.5604395604396	0.0526649746192893	WellB
133.6	4.36	2.34	14.87	0.43	415	341.05504587156	9.86238532110092	0.135967460778617	WellB
133.8	4.17	3.57	19.32	0.55	417	463.309352517986	13.189448441247	0.155963302752294	WellB
134.7	3.92	1.06	16.92	0.43	417	431.632653061225	10.969387755102	0.0589543937708565	WellB
135.2									WellB
136.5	3.29	0.41	14.57	0.39	419	442.857142857143	11.854103343465	0.027369826435247	WellB
136.6	3.71	0.59	20.14	0.36	418	542.857142857143	9.70350404312669	0.0284611673902557	WellB
137.6	3.22	0.25	13.07	0.51	420	405.900621118012	15.8385093167702	0.0187687687687688	WellB
137.8	2.86	0.18	11.41	0.52	421	398.951048951049	18.1818181818182	0.0155306298533218	WellB
137.9	3.13	0.23	11.37	0.4	421	363.258785942492	12.779552715655	0.0198275862068966	WellB
138.7	2.27	0.18	5.64	0.45	416	248.458149779736	19.8237885462555	0.0309278350515464	WellB
139.4	3.12	0.26	10.92	0.42	419	350	13.4615384615385	0.0232558139534884	WellB
139.9	2.21	0.16	4.79	0.47	416	216.742081447964	21.2669683257919	0.0323232323232323	WellB
139.9	2.56	0.25	7.66	0.39	418	299.21875	15.234375	0.0316055625790139	WellB
141.3	1.88	0.1	5.73	0.34	425	304.787234042553	18.0851063829787	0.0171526586620926	WellB
141.4	1.97	0.11	6.01	0.3	424	305.07614213198	15.2284263959391	0.0179738562091503	WellB
143.0	2.68	0.13	8.33	0.32	423	310.820895522388	11.9402985074627	0.0153664302600473	WellB
143.0	2.49	0.18	8.45	0.35	424	339.357429718875	14.0562248995984	0.0208574739281576	WellB
144.2	2.78	0.16	9.79	0.4	423	352.158273381295	14.3884892086331	0.0160804020100503	WellB
144.5	2.82	0.14	6.92	0.36	417	245.390070921986	12.7659574468085	0.0198300283286119	WellB
146.3	2.67	0.13	6.55	0.52	418	245.318352059925	19.4756554307116	0.0194610778443114	WellB
146.4	2.72	0.12	6.9	0.37	418	253.676470588235	13.6029411764706	0.0170940170940171	WellB
147.2	3.46	0.19	10	0.37	417	289.017341040462	10.6936416184971	0.0186457311089303	WellB
147.8	3.07	0.12	7.02	0.4	419	228.664495114007	13.0293159609121	0.0168067226890756	WellB
148.1	2.92	0.12	7.27	0.35	418	248.972602739726	11.986301369863	0.0162381596752368	WellB
149.0	2.9	0.12	6.86	0.49	417	236.551724137931	16.8965517241379	0.0171919770773639	WellB
149.1	2.72	0.1	5.37	0.35	417	197.426470588235	12.8676470588235	0.0182815356489945	WellB
149.4	2.52	0.07	3.5	0.41	419	138.888888888889	16.2698412698413	0.0196078431372549	WellB
150.8	3.07	0.14	8.29	0.27	419	270.032573289902	8.79478827361564	0.0166073546856465	WellB
150.9	2.77	0.14	7.92	0.38	417	285.920577617328	13.7184115523466	0.0173697270471464	WellB
152.1	2.2	0.08	4.01	0.31	417	182.272727272727	14.0909090909091	0.019559902200489	WellB
152.2	2.1	0.09	3.32	0.33	417	158.095238095238	15.7142857142857	0.0263929618768328	WellB
154.2	2.12	0.09	3.3	0.36	418	155.660377358491	16.9811320754717	0.0265486725663717	WellB
154.5	2.27	0.09	4.3	0.35	417	189.42731277533	15.4185022026432	0.020501138952164	WellB
155.4	2.54	0.09	4.44	0.4	418	174.803149606299	15.748031496063	0.0198675496688742	WellB
156.1	2.86	0.1	5.05	0.58	418	176.573426573427	20.2797202797203	0.0194174757281553	WellB
157.3	2.35	0.1	5.56	0.34	428	236.595744680851	14.468085106383	0.0176678445229682	WellB
159.2	2.76	0.13	6.19	0.35	417	224.275362318841	12.6811594202899	0.0205696202531646	WellB
160.2	2.14	0.09	4.44	0.42	429	207.476635514019	19.6261682242991	0.0198675496688742	WellB
160.6	2.45	0.1	5.18	0.39	429	211.428571428571	15.9183673469388	0.0189393939393939	WellB
161.5	0.57	0.01	0.35	0.24	433	61.4035087719298	42.1052631578947	0.0277777777777778	WellB
162.9	0.65	0.02	0.24	0.2	431	36.9230769230769	30.7692307692308	0.0769230769230769	WellB
163.4	0.68	0.01	0.31	0.3	432	45.5882352941176	44.1176470588235	0.03125	WellB
164.6	0.9	0.02	0.49	0.32	433	54.4444444444444	35.5555555555556	0.0392156862745098	WellB
164.6	0.85	0.01	0.5	0.35	433	58.8235294117647	41.1764705882353	0.0196078431372549	WellB
167.0	0.97	0.02	0.67	0.3	436	69.0721649484536	30.9278350515464	0.0289855072463768	WellB
167.5	1.1	0.02	0.78	0.26	438	70.9090909090909	23.6363636363636	0.025	WellB
168.6	1	0	0.41	0.23	436	41	23	0	WellB
168.9	1.1	0.02	0.73	0.33	435	66.3636363636364	30	0.0266666666666667	WellB
169.7	1.06	0	0.76	0.35	437	71.6981132075472	33.0188679245283	0	WellB
171.4	0.67	0	0.21	0.23	432	31.3432835820895	34.3283582089552	0	WellB
172.2	0.63	0	0.17	0.26	431	26.984126984127	41.2698412698413	0	WellB
174.7	0.81	0.01	0.27	0.37	434	33.3333333333333	45.679012345679	0.0357142857142857	WellB
174.7									WellB
177.1	0.59	0.02	0.16	0.18	433	27.1186440677966	30.5084745762712	0.111111111111111	WellB
180.3	0.76	0.02	0.24	0.27	432	31.5789473684211	35.5263157894737	0.0769230769230769	WellB
182.3	0.92	0.06	0.5	0.23	432	54.3478260869565	25	0.107142857142857	WellB
189.5	1.4	0.02	1.35	0.24	439	96.4285714285714	17.1428571428571	0.0145985401459854	WellB
192.9	1.36	0.01	1.49	0.24	438	109.558823529412	17.6470588235294	0.00666666666666667	WellB
194.5	1.71	0.05	2.76	0.37	436	161.40350877193	21.6374269005848	0.0177935943060498	WellB
200.9	1.48	0.02	3.4	0.26	442	229.72972972973	17.5675675675676	0.00584795321637427	WellB
202.8	1.55	0.01	2.38	0.33	441	153.548387096774	21.2903225806452	0.00418410041841004	WellB
206.8	1.29	0.01	1.38	0.23	440	106.976744186047	17.8294573643411	0.00719424460431655	WellB
208.9	1.32	0.01	1.32	0.29	442	100	21.969696969697	0.0075187969924812	WellB
212.4	1.24	0	0.84	0.28	439	67.741935483871	22.5806451612903	0	WellB
219.2	1.05	0	0.45	0.33	437	42.8571428571429	31.4285714285714	0	WellB
224.0	1.43	0.03	0.9	0.27	440	62.9370629370629	18.8811188811189	0.032258064516129	WellB
229.7	1.46	0.01	1.29	0.33	440	88.3561643835617	22.6027397260274	0.00769230769230769	WellB
231.3	1.17	0	0.83	0.39	439	70.9401709401709	33.3333333333333	0	WellB
13.5	1.02	0.02	1.14	0.2	440	111.764705882353	19.6078431372549	0.0172413793103448	WellC
19.6	1.67	0.05	2.65	0.24	440	158.682634730539	14.3712574850299	0.0185185185185185	WellC
28.9	1.59	0.05	2.58	0.19	440	162.264150943396	11.9496855345912	0.0190114068441065	WellC
45.7	1.74	0.05	2.5	0.19	440	143.67816091954	10.9195402298851	0.0196078431372549	WellC
52.9	1.66	0.04	2.64	0.3	441	159.036144578313	18.0722891566265	0.0149253731343284	WellC
58.7	1.04	0.06	1.88	0.24	433	180.769230769231	23.0769230769231	0.0309278350515464	WellC
59.3									WellC
60.0									WellC
60.5	2.48	0.21	6.9	0.18	431	278.225806451613	7.25806451612903	0.0295358649789029	WellC
61.8									WellC
62.4									WellC
63.0									WellC
63.6									WellC
64.2									WellC
64.8	2	0.23	5.74	0.29	430	287	14.5	0.0385259631490787	WellC
65.4									WellC
66.0									WellC
66.6									WellC
67.1	2.68	0.39	10.93	0.35	427	407.835820895522	13.0597014925373	0.034452296819788	WellC
67.8									WellC
68.4									WellC
69.4									WellC
70.0									WellC
70.5									WellC
71.2									WellC
71.8	2.58	0.4	9.64	0.28	428	373.643410852713	10.8527131782946	0.0398406374501992	WellC
72.4									WellC
73.0									WellC
73.5	2.5	0.38	9.63	0.21	429	385.2	8.4	0.0379620379620379	WellC
74.0									WellC
74.5									WellC
76.2	2.79	0.34	9.67	0.42	427	346.594982078853	15.0537634408602	0.033966033966034	WellC
76.9									WellC
77.3									WellC
78.0									WellC
78.7									WellC
79.4									WellC
80.2	3.61	0.62	16.61	0.27	427	460.1108033241	7.4792243767313	0.0359837492745212	WellC
81.2									WellC
81.7									WellC
82.3									WellC
83.0	3.68	0.69	17.34	0.33	424	471.195652173913	8.96739130434783	0.0382695507487521	WellC
83.5									WellC
84.0									WellC
85.0									WellC
85.6									WellC
86.2	3.74	0.87	14.3	0.33	422	382.352941176471	8.82352941176471	0.0573500329597891	WellC
86.8									WellC
87.4									WellC
88.0	4.53	0.66	21.09	0.35	422	465.562913907285	7.72626931567329	0.0303448275862069	WellC
88.5									WellC
89.1	3.89	0.54	15.48	0.34	424	397.943444730077	8.74035989717224	0.0337078651685393	WellC
89.7	3.23	0.55	13.37	0.19	424	413.931888544892	5.88235294117647	0.0395114942528736	WellC
90.5									WellC
91.1									WellC
91.7									WellC
92.3									WellC
92.8									WellC
93.6	3.86	0.72	20.5	0.34	422	531.088082901554	8.80829015544042	0.0339302544769086	WellC
94.2									WellC
94.8									WellC
95.4	2.88	0.54	12.09	0.25	427	419.791666666667	8.68055555555556	0.0427553444180523	WellC
96.0									WellC
96.9	3.39	0.58	15.13	0.27	424	446.312684365782	7.9646017699115	0.0369191597708466	WellC
97.5									WellC
98.1									WellC
98.7									WellC
99.3									WellC
99.9	3.1	0.58	12.12	0.21	423	390.967741935484	6.7741935483871	0.0456692913385827	WellC
100.5									WellC
101.1									WellC
101.7									WellC
102.6									WellC
103.2									WellC
103.8									WellC
104.4	2.72	0.51	9.76	0.25	428	358.823529411765	9.19117647058824	0.0496592015579357	WellC
105.0									WellC
105.6	2.5	0.46	8.67	0.27	427	346.8	10.8	0.0503833515881709	WellC
106.2									WellC
106.8	2.15	0.25	7.01	0.23	426	326.046511627907	10.6976744186047	0.034435261707989	WellC
107.2	1.8	0.19	5.05	0.21	424	280.555555555556	11.6666666666667	0.0362595419847328	WellC
108.0									WellC
108.6									WellC
109.2	2.82	0.3	7.66	0.24	426	271.631205673759	8.51063829787234	0.0376884422110553	WellC
109.8									WellC
111.3									WellC
111.9									WellC
112.6									WellC
113.2									WellC
113.8	2	0.32	6.53	0.4	427	326.5	20	0.0467153284671533	WellC
114.2									WellC
115.1									WellC
115.6									WellC
116.2									WellC
116.8									WellC
117.4	2.86	0.4	8.38	0.27	426	293.006993006993	9.44055944055944	0.0455580865603645	WellC
118.1									WellC
118.7									WellC
119.3									WellC
119.9									WellC
120.5									WellC
121.0	0.63	0.05	0.31	0.31	431	49.2063492063492	49.2063492063492	0.138888888888889	WellC
121.7									WellC
122.3									WellC
122.9									WellC
123.5									WellC
123.7									WellC
124.2									WellC
124.8									WellC
125.3	1.22	0.05	0.7	0.18	438	57.3770491803279	14.7540983606557	0.0666666666666667	WellC
126.0									WellC
126.6									WellC
127.1									WellC
127.2									WellC
127.7									WellC
128.5									WellC
129.1	0.96	0.03	0.47	0.29	436	48.9583333333333	30.2083333333333	0.06	WellC
129.7									WellC
130.3									WellC
131.0									WellC
131.6	1.08	0.14	0.38	0.19	436	35.1851851851852	17.5925925925926	0.269230769230769	WellC
132.2									WellC
132.8									WellC
133.5									WellC
134.0									WellC
134.4									WellC
134.6									WellC
135.2									WellC
135.8									WellC
136.5									WellC
137.0									WellC
137.7									WellC
138.3									WellC
138.9									WellC
139.5									WellC
140.1									WellC
146.1	2.85	0.07	4.11	0.31	441	144.210526315789	10.8771929824561	0.0167464114832536	WellC
151.5	1.99	0.09	4.52	0.31	442	227.13567839196	15.5778894472362	0.0195227765726681	WellC
156.4	1.44	0.03	2.59	0.22	442	179.861111111111	15.2777777777778	0.0114503816793893	WellC
165.0	1.1	0.04	0.83	0.22	438	75.4545454545455	20	0.0459770114942529	WellC
170.6	1.07	0	0.49	0.23	438	45.7943925233645	21.4953271028037	0	WellC
183.1	1.25	0.04	1.29	0.18	441	103.2	14.4	0.0300751879699248	WellC
