# Trench data from Plates Project
-95.3118000000	15.0071000000
-95.3048000000	14.9981000000
-95.2324000000	14.9508000000
-95.1553000000	14.9147000000
-95.0549000000	14.8606000000
-94.9474000000	14.8020000000
-94.8329000000	14.7253000000
-94.7255000000	14.6553000000
-94.6227000000	14.5831000000
-94.5246000000	14.4950000000
-94.4311000000	14.4114000000
-94.3027000000	14.3278000000
-94.2022000000	14.2848000000
-94.0574000000	14.2193000000
-93.9266000000	14.1492000000
-93.8752000000	14.1130000000
-93.8098000000	14.0722000000
-93.7117000000	14.0157000000
-93.6066000000	13.9659000000
-93.4618000000	13.8934000000
-93.3286000000	13.8323000000
-93.2165000000	13.7825000000
-93.0974000000	13.7304000000
-93.0250000000	13.6941000000
-92.9783000000	13.6737000000
-92.9035000000	13.6170000000
-92.8357000000	13.5581000000
-92.7563000000	13.5127000000
-92.6699000000	13.4810000000
-92.5601000000	13.4379000000
-92.4994000000	13.4084000000
-92.4387000000	13.3652000000
-92.3663000000	13.3198000000
-92.2728000000	13.2699000000
-92.1630000000	13.2109000000
-92.1303000000	13.1973000000
-92.0112000000	13.1427000000
-91.8664000000	13.0837000000
-91.7333000000	13.0292000000
-91.5978000000	12.9633000000
-91.4763000000	12.8996000000
-91.3759000000	12.8382000000
-91.2544000000	12.7745000000
-91.1213000000	12.7199000000
-91.0115000000	12.6722000000
-90.9157000000	12.6267000000
-90.8130000000	12.5811000000
-90.6728000000	12.5197000000
-90.5584000000	12.4696000000
-90.4650000000	12.4377000000
-90.3388000000	12.3876000000
-90.2127000000	12.3444000000
-90.1030000000	12.3102000000
-90.0376000000	12.2920000000
-90.0049000000	12.2783000000
-89.9395000000	12.2578000000
-89.7993000000	12.2100000000
-89.6615000000	12.1827000000
-89.5448000000	12.1439000000
-89.4256000000	12.0869000000
-89.2902000000	12.0322000000
-89.1851000000	12.0003000000
-89.0473000000	11.9661000000
-88.8885000000	11.9091000000
-88.7997000000	11.8680000000
-88.6993000000	11.8178000000
-88.6152000000	11.7698000000
-88.4820000000	11.7013000000
-88.3956000000	11.6648000000
-88.3442000000	11.6396000000
-88.2251000000	11.5825000000
-88.1317000000	11.5300000000
-88.0172000000	11.4705000000
-87.9191000000	11.4157000000
-87.8280000000	11.3493000000
-87.7369000000	11.2853000000
-87.6575000000	11.2189000000
-87.5523000000	11.1411000000
-87.4496000000	11.0793000000
-87.3491000000	11.0037000000
-87.2627000000	10.9304000000
-87.2159000000	10.8662000000
-87.1552000000	10.7676000000
-87.1481000000	10.7584000000
-87.1435000000	10.7401000000
-87.0780000000	10.6575000000
-87.0056000000	10.5841000000
-86.9378000000	10.5084000000
-86.8607000000	10.4304000000
-86.8000000000	10.3454000000
-86.7415000000	10.2628000000
-86.6714000000	10.1571000000
-86.6107000000	10.0675000000
-86.5149000000	9.9847000000
-86.4191000000	9.9043000000
-86.3163000000	9.8238000000
-86.2182000000	9.7296000000
-86.1364000000	9.6559000000
-86.0406000000	9.5616000000
-85.9915000000	9.4764000000
-85.9798000000	9.4327000000
-85.9588000000	9.4050000000
-85.8583000000	9.2922000000
-85.7695000000	9.2116000000
-85.6364000000	9.1402000000
-85.4869000000	9.0803000000
-85.3561000000	9.0251000000
-85.2487000000	8.9882000000
-85.0805000000	8.9330000000
-84.9334000000	8.8685000000
-84.8236000000	8.8224000000
-84.7302000000	8.7878000000
-84.6671000000	8.7625000000
-84.5807000000	8.7256000000
-84.5176000000	8.6910000000
-84.4639000000	8.6495000000
-84.3915000000	8.6010000000
-84.3120000000	8.5411000000
-84.2186000000	8.4718000000
-84.0855000000	8.4095000000
-83.9967000000	8.3657000000
-83.8893000000	8.3057000000
-83.7841000000	8.2387000000
-83.6930000000	8.1810000000
-83.5879000000	8.1140000000
-83.4968000000	8.0563000000
-83.3753000000	7.9778000000
-83.2609000000	7.8923000000
-83.1931000000	7.8298000000
-83.1020000000	7.7327000000
-82.9945000000	7.6495000000
-82.9174000000	7.5847000000
-82.8357000000	7.5292000000
-82.7375000000	7.4459000000
-82.6394000000	7.3626000000
-82.5109000000	7.2770000000
-82.3965000000	7.2052000000
-82.3568000000	7.1728000000
-82.2540000000	7.1080000000
-82.1185000000	7.0293000000
-81.9924000000	6.9575000000
-81.8662000000	6.9112000000
-81.7518000000	6.8673000000
-81.6397000000	6.8186000000
-81.5322000000	6.7816000000
-81.4692000000	6.7654000000
-81.3594000000	6.7307000000
-81.2660000000	6.7168000000
-81.1516000000	6.7123000000
-81.0232000000	6.7054000000
-80.8947000000	6.6823000000
-80.7383000000	6.6545000000
-80.5958000000	6.6337000000
-80.4790000000	6.6268000000
-80.3273000000	6.6362000000
-80.2292000000	6.6618000000
-80.1078000000	6.7036000000
-80.0051000000	6.7547000000
-79.9117000000	6.8104000000
-79.8324000000	6.8545000000
-79.7670000000	6.8893000000
-79.6923000000	6.9125000000
-79.5849000000	6.9079000000
-79.4915000000	6.8941000000
-79.3934000000	6.8872000000
-79.3070000000	6.8895000000
-79.2019000000	6.9058000000
-79.1062000000	6.9128000000
-79.0268000000	6.9245000000
-78.9241000000	6.9315000000
-78.8400000000	6.9339000000
-78.7256000000	6.9247000000
-78.6905000000	6.9015000000
-78.6088000000	6.8691000000
-78.5387000000	6.8274000000
-78.4639000000	6.7671000000
-78.3985000000	6.6628000000
-78.3424000000	6.5678000000
-78.2769000000	6.4588000000
-78.2209000000	6.3660000000
-78.1484000000	6.2569000000
-78.0876000000	6.1757000000
-78.0292000000	6.0945000000
-77.9661000000	5.9900000000
-77.9264000000	5.8972000000
-77.9053000000	5.8252000000
-77.8912000000	5.7415000000
-77.8959000000	5.6974000000
-77.7820000000	5.6237000000
-77.7977000000	5.5140000000
-77.8174000000	5.4342000000
-77.8250000000	5.3976000000
-77.8244000000	5.3014000000
-77.8474000000	5.1712000000
-77.8783000000	5.1030000000
-77.9308000000	4.9847000000
-77.9713000000	4.8960000000
-78.0109000000	4.8555000000
-78.0791000000	4.7535000000
-78.1102000000	4.6784000000
-78.1324000000	4.5847000000
-78.1566000000	4.5164000000
-78.1926000000	4.4229000000
-78.2165000000	4.3614000000
-78.2453000000	4.2908000000
-78.2877000000	4.2227000000
-78.3070000000	4.1634000000
-78.3260000000	4.1293000000
-78.3357000000	4.0951000000
-78.3594000000	4.0519000000
-78.3830000000	4.0087000000
-78.3948000000	3.9905000000
-78.4555000000	3.9205000000
-78.4810000000	3.9003000000
-78.5462000000	3.8349000000
-78.6023000000	3.7716000000
-78.6187000000	3.7466000000
-78.6397000000	3.7241000000
-78.7124000000	3.6220000000
-78.7521000000	3.5768000000
-78.8038000000	3.5043000000
-78.8439000000	3.4361000000
-78.9002000000	3.3567000000
-78.9447000000	3.3001000000
-78.9984000000	3.2367000000
-79.0430000000	3.1709000000
-79.0689000000	3.1300000000
-79.0831000000	3.1073000000
-79.1443000000	3.0073000000
-79.1866000000	2.9437000000
-79.2175000000	2.8822000000
-79.2551000000	2.8277000000
-79.3017000000	2.7757000000
-79.3463000000	2.7122000000
-79.4125000000	2.5915000000
-79.4363000000	2.5437000000
-79.4650000000	2.4706000000
-79.4770000000	2.4410000000
-79.4988000000	2.3770000000
-79.5201000000	2.3337000000
-79.5601000000	2.2746000000
-79.6488000000	2.1727000000
-79.6861000000	2.1343000000
-79.7608000000	2.0506000000
-79.8058000000	1.9617000000
-79.8353000000	1.8518000000
-79.8797000000	1.7975000000
-79.9243000000	1.7316000000
-79.9734000000	1.6726000000
-80.0571000000	1.5960000000
-80.0946000000	1.5483000000
-80.1469000000	1.4343000000
-80.1897000000	1.3476000000
-80.2485000000	1.2543000000
-80.2907000000	1.1976000000
-80.3355000000	1.1248000000
-80.3803000000	1.0497000000
-80.4344000000	0.9655000000
-80.4746000000	0.8903000000
-80.5169000000	0.8289000000
-80.5571000000	0.7560000000
-80.5858000000	0.6875000000
-80.6052000000	0.6280000000
-80.6243000000	0.5824000000
-80.6550000000	0.5277000000
-80.6811000000	0.4752000000
-80.7144000000	0.4045000000
-80.7617000000	0.3202000000
-80.7927000000	0.2471000000
-80.8491000000	0.1630000000
-80.8725000000	0.1335000000
-80.9570000000	0.0131000000
-81.0163000000	-0.1055000000
-81.0485000000	-0.2430000000
-81.1031000000	-0.3525000000
-81.1246000000	-0.4027000000
-81.1470000000	-0.5013000000
-81.1670000000	-0.5976000000
-81.2054000000	-0.6981000000
-81.2368000000	-0.7873000000
-81.2687000000	-0.9064000000
-81.2934000000	-1.0072000000
-81.3134000000	-1.1035000000
-81.3335000000	-1.1998000000
-81.3437000000	-1.2617000000
-81.3615000000	-1.3557000000
-81.3930000000	-1.4587000000
-81.4105000000	-1.5389000000
-81.4184000000	-1.5986000000
-81.4246000000	-1.6836000000
-81.4190000000	-1.7550000000
-81.4297000000	-1.8377000000
-81.4362000000	-1.9457000000
-81.4418000000	-2.0031000000
-81.4407000000	-2.0652000000
-81.4465000000	-2.1364000000
-81.4479000000	-2.2123000000
-81.4462000000	-2.2445000000
-81.4453000000	-2.3204000000
-81.4508000000	-2.3709000000
-81.4706000000	-2.4556000000
-81.4886000000	-2.5657000000
-81.5115000000	-2.6917000000
-81.5312000000	-2.7672000000
-81.5462000000	-2.8359000000
-81.5680000000	-2.9045000000
-81.5904000000	-3.0052000000
-81.6123000000	-3.0783000000
-81.6373000000	-3.1974000000
-81.6570000000	-3.2705000000
-81.6791000000	-3.3574000000
-81.7042000000	-3.4788000000
-81.7410000000	-3.6136000000
-81.7465000000	-3.6686000000
-81.7642000000	-3.7625000000
-81.7748000000	-3.8427000000
-81.7992000000	-3.9226000000
-81.8066000000	-3.9546000000
-81.8185000000	-3.9819000000
-81.8308000000	-4.0276000000
-81.8316000000	-4.0689000000
-81.8446000000	-4.1582000000
-81.8448000000	-4.1697000000
-81.8410000000	-4.2088000000
-81.8396000000	-4.2593000000
-81.8377000000	-4.2800000000
-81.8294000000	-4.3238000000
-81.8211000000	-4.3698000000
-81.8295000000	-4.4569000000
-81.8416000000	-4.4957000000
-81.8450000000	-4.5530000000
-81.8608000000	-4.6674000000
-81.8668000000	-4.7453000000
-81.8682000000	-4.8209000000
-81.8702000000	-4.9333000000
-81.8796000000	-5.0707000000
-81.8760000000	-5.1257000000
-81.8735000000	-5.2358000000
-81.8737000000	-5.2473000000
-81.8806000000	-5.3778000000
-81.8710000000	-5.4765000000
-81.8638000000	-5.5843000000
-81.8346000000	-5.7360000000
-81.8182000000	-5.8416000000
-81.7953000000	-5.9634000000
-81.7765000000	-6.0598000000
-81.7624000000	-6.1654000000
-81.7437000000	-6.2687000000
-81.7293000000	-6.3536000000
-81.7064000000	-6.4775000000
-81.6682000000	-6.6405000000
-81.6263000000	-6.7213000000
-81.5982000000	-6.8087000000
-81.5294000000	-6.9219000000
-81.4834000000	-7.0347000000
-81.4483000000	-7.1152000000
-81.3914000000	-7.2533000000
-81.3679000000	-7.3427000000
-81.3469000000	-7.4436000000
-81.3323000000	-7.5191000000
-81.2998000000	-7.6201000000
-81.2756000000	-7.6730000000
-81.2494000000	-7.7373000000
-81.2318000000	-7.7764000000
-81.2255000000	-7.8039000000
-81.1969000000	-7.8660000000
-81.1661000000	-7.9327000000
-81.1379000000	-8.0129000000
-81.1037000000	-8.1434000000
-81.0577000000	-8.2559000000
-81.0115000000	-8.3547000000
-80.9587000000	-8.4649000000
-80.9126000000	-8.5682000000
-80.8997000000	-8.6139000000
-80.8439000000	-8.6855000000
-80.8132000000	-8.7611000000
-80.7695000000	-8.8688000000
-80.7301000000	-8.9650000000
-80.6681000000	-9.0752000000
-80.6064000000	-9.1967000000
-80.5598000000	-9.2748000000
-80.5088000000	-9.3598000000
-80.4557000000	-9.4584000000
-80.4184000000	-9.5408000000
-80.3541000000	-9.6486000000
-80.2921000000	-9.7608000000
-80.2479000000	-9.8433000000
-80.2010000000	-9.9053000000
-80.1260000000	-10.0518000000
-80.0703000000	-10.1298000000
-80.0196000000	-10.2304000000
-79.9303000000	-10.3452000000
-79.8612000000	-10.4438000000
-79.8170000000	-10.5261000000
-79.7463000000	-10.6608000000
-79.6729000000	-10.7684000000
-79.6218000000	-10.8507000000
-79.5865000000	-10.9169000000
-79.5510000000	-10.9785000000
-79.5266000000	-11.0151000000
-79.4953000000	-11.0541000000
-79.4757000000	-11.1086000000
-79.4607000000	-11.1608000000
-79.4388000000	-11.2131000000
-79.3921000000	-11.2839000000
-79.3566000000	-11.3410000000
-79.2965000000	-11.4323000000
-79.2206000000	-11.5306000000
-79.1829000000	-11.5899000000
-79.1426000000	-11.6403000000
-79.1004000000	-11.7064000000
-79.0628000000	-11.7724000000
-79.0273000000	-11.8293000000
-78.9893000000	-11.8773000000
-78.9271000000	-11.9752000000
-78.8806000000	-12.0594000000
-78.7889000000	-12.1690000000
-78.7083000000	-12.2582000000
-78.6413000000	-12.3425000000
-78.5833000000	-12.4200000000
-78.5209000000	-12.5088000000
-78.4454000000	-12.6269000000
-78.4124000000	-12.6948000000
-78.3770000000	-12.7606000000
-78.3217000000	-12.8580000000
-78.2665000000	-12.9622000000
-78.2089000000	-13.0619000000
-78.1528000000	-13.1189000000
-78.1058000000	-13.1713000000
-78.0453000000	-13.2373000000
-77.9830000000	-13.3325000000
-77.9520000000	-13.3868000000
-77.8900000000	-13.4908000000
-77.7986000000	-13.6200000000
-77.7380000000	-13.6770000000
-77.6595000000	-13.7566000000
-77.5585000000	-13.8589000000
-77.5113000000	-13.9045000000
-77.4488000000	-13.9837000000
-77.3997000000	-14.0471000000
-77.2988000000	-14.1516000000
-77.2249000000	-14.2354000000
-77.1801000000	-14.2831000000
-77.0858000000	-14.3761000000
-76.9742000000	-14.5207000000
-76.9026000000	-14.6066000000
-76.8151000000	-14.6950000000
-76.7568000000	-14.7539000000
-76.6966000000	-14.8328000000
-76.6426000000	-14.8805000000
-76.6043000000	-14.9123000000
-76.5272000000	-14.9426000000
-76.5002000000	-14.9697000000
-76.4512000000	-15.0372000000
-76.3958000000	-15.1271000000
-76.3718000000	-15.1919000000
-76.2867000000	-15.2844000000
-76.1922000000	-15.3660000000
-76.0885000000	-15.4455000000
-75.9892000000	-15.5137000000
-75.8835000000	-15.6065000000
-75.8343000000	-15.6605000000
-75.7868000000	-15.6880000000
-75.7211000000	-15.7223000000
-75.6718000000	-15.7764000000
-75.6115000000	-15.8527000000
-75.5537000000	-15.9378000000
-75.4955000000	-16.0030000000
-75.4324000000	-16.0527000000
-75.3538000000	-16.1271000000
-75.2975000000	-16.1723000000
-75.2206000000	-16.2134000000
-75.1730000000	-16.2363000000
-75.0938000000	-16.2819000000
-75.0286000000	-16.3404000000
-74.9590000000	-16.4035000000
-74.8848000000	-16.4710000000
-74.8082000000	-16.5297000000
-74.7880000000	-16.5499000000
-74.6751000000	-16.6268000000
-74.6052000000	-16.6766000000
-74.4517000000	-16.7784000000
-74.3209000000	-16.8732000000
-74.1941000000	-16.9415000000
-74.0948000000	-17.0092000000
-74.0022000000	-17.0658000000
-73.8987000000	-17.1534000000
-73.7904000000	-17.2300000000
-73.6974000000	-17.2712000000
-73.5977000000	-17.3169000000
-73.4981000000	-17.3713000000
-73.4422000000	-17.4360000000
-73.3863000000	-17.5006000000
-73.3189000000	-17.5654000000
-73.2204000000	-17.6746000000
-73.1355000000	-17.7746000000
-72.9596000000	-17.9025000000
-72.8495000000	-18.0051000000
-72.7776000000	-18.0720000000
-72.6854000000	-18.1523000000
-72.6089000000	-18.2127000000
-72.5661000000	-18.2484000000
-72.4901000000	-18.3392000000
-72.4277000000	-18.4211000000
-72.3520000000	-18.5271000000
-72.2618000000	-18.5963000000
-72.1823000000	-18.6217000000
-72.1168000000	-18.6642000000
-72.0611000000	-18.7371000000
-72.0148000000	-18.8250000000
-71.8849000000	-18.9687000000
-71.8676000000	-19.0169000000
-71.8187000000	-19.0895000000
-71.7944000000	-19.1355000000
-71.7453000000	-19.1972000000
-71.6870000000	-19.2590000000
-71.6264000000	-19.3144000000
-71.5974000000	-19.3539000000
-71.5595000000	-19.4023000000
-71.5149000000	-19.4595000000
-71.4862000000	-19.5120000000
-71.4531000000	-19.5755000000
-71.4317000000	-19.6538000000
-71.3991000000	-19.7410000000
-71.3665000000	-19.8260000000
-71.3143000000	-19.9653000000
-71.2905000000	-20.0327000000
-71.2605000000	-20.1369000000
-71.2512000000	-20.2472000000
-71.2303000000	-20.3489000000
-71.2043000000	-20.4226000000
-71.1895000000	-20.4854000000
-71.1863000000	-20.5565000000
-71.1860000000	-20.7739000000
-71.1786000000	-20.8643000000
-71.1853000000	-20.9737000000
-71.1805000000	-21.0790000000
-71.1729000000	-21.1563000000
-71.1613000000	-21.2680000000
-71.1497000000	-21.3753000000
-71.1377000000	-21.4612000000
-71.1416000000	-21.5445000000
-71.1457000000	-21.6364000000
-71.1538000000	-21.7004000000
-71.1544000000	-21.7303000000
-71.1794000000	-21.8430000000
-71.1858000000	-21.9326000000
-71.1875000000	-22.0200000000
-71.1892000000	-22.1094000000
-71.1845000000	-22.2160000000
-71.1851000000	-22.3607000000
-71.1810000000	-22.5031000000
-71.1939000000	-22.5794000000
-71.2321000000	-22.7739000000
-71.2546000000	-22.8710000000
-71.2778000000	-23.0040000000
-71.2961000000	-23.1222000000
-71.2834000000	-23.2873000000
-71.2969000000	-23.3926000000
-71.2989000000	-23.4917000000
-71.2851000000	-23.6057000000
-71.3027000000	-23.6855000000
-71.3118000000	-23.7969000000
-71.3184000000	-23.8977000000
-71.3280000000	-24.0383000000
-71.3413000000	-24.1304000000
-71.3664000000	-24.2412000000
-71.3866000000	-24.3372000000
-71.3787000000	-24.5132000000
-71.3796000000	-24.6721000000
-71.3790000000	-24.7577000000
-71.3746000000	-24.8809000000
-71.3893000000	-25.0432000000
-71.4122000000	-25.1552000000
-71.4473000000	-25.3085000000
-71.4826000000	-25.4741000000
-71.4918000000	-25.5880000000
-71.4655000000	-25.6465000000
-71.4651000000	-25.7397000000
-71.4719000000	-25.8493000000
-71.4735000000	-25.9279000000
-71.4806000000	-26.0538000000
-71.4965000000	-26.1609000000
-71.5245000000	-26.3006000000
-71.5664000000	-26.4482000000
-71.5889000000	-26.5445000000
-71.6372000000	-26.6732000000
-71.6522000000	-26.8474000000
-71.6607000000	-26.9272000000
-71.6882000000	-27.0415000000
-71.7346000000	-27.1880000000
-71.7597000000	-27.2939000000
-71.7892000000	-27.3955000000
-71.8165000000	-27.5011000000
-71.8336000000	-27.5559000000
-71.8689000000	-27.6001000000
-71.8882000000	-27.6527000000
-71.9121000000	-27.7012000000
-71.9463000000	-27.8064000000
-71.9406000000	-27.8654000000
-71.9393000000	-27.9142000000
-71.9527000000	-28.0053000000
-71.9851000000	-28.1366000000
-72.0072000000	-28.2112000000
-72.0490000000	-28.3522000000
-72.1035000000	-28.5534000000
-72.1591000000	-28.7018000000
-72.1887000000	-28.8041000000
-72.2016000000	-28.8763000000
-72.2217000000	-28.9645000000
-72.2224000000	-28.9966000000
-72.2242000000	-29.0830000000
-72.2368000000	-29.1390000000
-72.2514000000	-29.1829000000
-72.2853000000	-29.2726000000
-72.3071000000	-29.3284000000
-72.3050000000	-29.4486000000
-72.3238000000	-29.5823000000
-72.3395000000	-29.6779000000
-72.3671000000	-29.7932000000
-72.4251000000	-29.9397000000
-72.4341000000	-30.0431000000
-72.4545000000	-30.1441000000
-72.4674000000	-30.2134000000
-72.4695000000	-30.3126000000
-72.4508000000	-30.4002000000
-72.4460000000	-30.4973000000
-72.4499000000	-30.5725000000
-72.4656000000	-30.6671000000
-72.4835000000	-30.7597000000
-72.4951000000	-30.8720000000
-72.4934000000	-31.1143000000
-72.5261000000	-31.2572000000
-72.5313000000	-31.3926000000
-72.5351000000	-31.4650000000
-72.5439000000	-31.5550000000
-72.5500000000	-31.6234000000
-72.5487000000	-31.6723000000
-72.5293000000	-31.7254000000
-72.5256000000	-31.7684000000
-72.5245000000	-31.8231000000
-72.5325000000	-31.8738000000
-72.5518000000	-31.9242000000
-72.5717000000	-31.9979000000
-72.5779000000	-32.0738000000
-72.5789000000	-32.1205000000
-72.5824000000	-32.1749000000
-72.5832000000	-32.2118000000
-72.5811000000	-32.2196000000
-72.5679000000	-32.2470000000
-72.5390000000	-32.2824000000
-72.5237000000	-32.3157000000
-72.5313000000	-32.3486000000
-72.5503000000	-32.3851000000
-72.5814000000	-32.4467000000
-72.6154000000	-32.5373000000
-72.6348000000	-32.5892000000
-72.6401000000	-32.6259000000
-72.6602000000	-32.7068000000
-72.6663000000	-32.7782000000
-72.6677000000	-32.8419000000
-72.6664000000	-32.8882000000
-72.6607000000	-32.9423000000
-72.6531000000	-33.0118000000
-72.6538000000	-33.0426000000
-72.6551000000	-33.1023000000
-72.6627000000	-33.1387000000
-72.6772000000	-33.1750000000
-72.6909000000	-33.2767000000
-72.7410000000	-33.3757000000
-72.7447000000	-33.4389000000
-72.7695000000	-33.5267000000
-72.7801000000	-33.5954000000
-72.7779000000	-33.5974000000
-72.7787000000	-33.6337000000
-72.8056000000	-33.7136000000
-72.8440000000	-33.7970000000
-72.8591000000	-33.8597000000
-72.8884000000	-33.9432000000
-72.9127000000	-34.0114000000
-72.9530000000	-34.0774000000
-73.0047000000	-34.1393000000
-73.0723000000	-34.1991000000
-73.1331000000	-34.2609000000
-73.1892000000	-34.3150000000
-73.2542000000	-34.3615000000
-73.2915000000	-34.3912000000
-73.3522000000	-34.4490000000
-73.3993000000	-34.5127000000
-73.4605000000	-34.5912000000
-73.5054000000	-34.6567000000
-73.5739000000	-34.7557000000
-73.6333000000	-34.8585000000
-73.6578000000	-34.9297000000
-73.6772000000	-34.9803000000
-73.7040000000	-35.0532000000
-73.7327000000	-35.1129000000
-73.7596000000	-35.1895000000
-73.7817000000	-35.2586000000
-73.7949000000	-35.3353000000
-73.7988000000	-35.4082000000
-73.7928000000	-35.4476000000
-73.7942000000	-35.5074000000
-73.8133000000	-35.5445000000
-73.8284000000	-35.6078000000
-73.9549000000	-35.8464000000
-74.0473000000	-35.9901000000
-74.0809000000	-36.0583000000
-74.1119000000	-36.1154000000
-74.1667000000	-36.2147000000
-74.2074000000	-36.2937000000
-74.2436000000	-36.3764000000
-74.2817000000	-36.4442000000
-74.3294000000	-36.5340000000
-74.3493000000	-36.6019000000
-74.4045000000	-36.7190000000
-74.4342000000	-36.8160000000
-74.4744000000	-36.9770000000
-74.5134000000	-37.0810000000
-74.5509000000	-37.2213000000
-74.5626000000	-37.3344000000
-74.5716000000	-37.4273000000
-74.5808000000	-37.5274000000
-74.5841000000	-37.5711000000
-74.5954000000	-37.6673000000
-74.6012000000	-37.7199000000
-74.6033000000	-37.8106000000
-74.6044000000	-37.8577000000
-74.6129000000	-37.9301000000
-74.6214000000	-38.0023000000
-74.6304000000	-38.0926000000
-74.6311000000	-38.1215000000
-74.6372000000	-38.1900000000
-74.6335000000	-38.2280000000
-74.6413000000	-38.2657000000
-74.6769000000	-38.3247000000
-74.7377000000	-38.3796000000
-74.7829000000	-38.4581000000
-74.8232000000	-38.5204000000
-74.8643000000	-38.6149000000
-74.8795000000	-38.6775000000
-74.8896000000	-38.7167000000
-74.8837000000	-38.7580000000
-74.8780000000	-38.8082000000
-74.8814000000	-38.8564000000
-74.9212000000	-38.8970000000
-74.9545000000	-38.9501000000
-74.9628000000	-39.0142000000
-74.9619000000	-39.0730000000
-74.9672000000	-39.1033000000
-74.9822000000	-39.1582000000
-75.0043000000	-39.2220000000
-75.0197000000	-39.2911000000
-75.0335000000	-39.3956000000
-75.0417000000	-39.4523000000
-75.0439000000	-39.5443000000
-75.0456000000	-39.6168000000
-75.0474000000	-39.6893000000
-75.0467000000	-39.7599000000
-75.0489000000	-39.8516000000
-75.0503000000	-39.9114000000
-75.0486000000	-39.9343000000
-75.0458000000	-40.0065000000
-75.0037000000	-40.0086000000
-74.9999000000	-40.0368000000
-75.0030000000	-40.0614000000
-75.0127000000	-40.0806000000
-75.0175000000	-40.0893000000
-75.0340000000	-40.1048000000
-75.0692000000	-40.1323000000
-75.0930000000	-40.1635000000
-75.1242000000	-40.2122000000
-75.1412000000	-40.2435000000
-75.1542000000	-40.2959000000
-75.1650000000	-40.3500000000
-75.1709000000	-40.3954000000
-75.1819000000	-40.4565000000
-75.1901000000	-40.5001000000
-75.1987000000	-40.5576000000
-75.2067000000	-40.5958000000
-75.2124000000	-40.6324000000
-75.2182000000	-40.6759000000
-75.2195000000	-40.7177000000
-75.2137000000	-40.7544000000
-75.2101000000	-40.7858000000
-75.2017000000	-40.8103000000
-75.1936000000	-40.8470000000
-75.1924000000	-40.8835000000
-75.2003000000	-40.9181000000
-75.2151000000	-40.9508000000
-75.2485000000	-40.9954000000
-75.2723000000	-41.0262000000
-75.2919000000	-41.0675000000
-75.3087000000	-41.0949000000
-75.3331000000	-41.1430000000
-75.3560000000	-41.2187000000
-75.3696000000	-41.2910000000
-75.3828000000	-41.3478000000
-75.3930000000	-41.3821000000
-75.3996000000	-41.4475000000
-75.4013000000	-41.5060000000
-75.3986000000	-41.5680000000
-75.3960000000	-41.6317000000
-75.4027000000	-41.7020000000
-75.4116000000	-41.7670000000
-75.4150000000	-41.8046000000
-75.4258000000	-41.8592000000
-75.4334000000	-41.8814000000
-75.4461000000	-41.9222000000
-75.4566000000	-41.9682000000
-75.4633000000	-42.0347000000
-75.4598000000	-42.0723000000
-75.4573000000	-42.1388000000
-75.4618000000	-42.2103000000
-75.4770000000	-42.2594000000
-75.4908000000	-42.3357000000
-75.4950000000	-42.3950000000
-75.5045000000	-42.4814000000
-75.5089000000	-42.5508000000
-75.5182000000	-42.6301000000
-75.5194000000	-42.6673000000
-75.5279000000	-42.7195000000
-75.5309000000	-42.7414000000
-75.5594000000	-42.7764000000
-75.5753000000	-42.8452000000
-75.5793000000	-42.8991000000
-75.5604000000	-42.9566000000
-75.5594000000	-42.9970000000
-75.5797000000	-43.0588000000
-75.5904000000	-43.1106000000
-75.5919000000	-43.1593000000
-75.5892000000	-43.2179000000
-75.5721000000	-43.2567000000
-75.5615000000	-43.2854000000
-75.5652000000	-43.3305000000
-75.6273000000	-43.4096000000
-75.6640000000	-43.4857000000
-75.6811000000	-43.5205000000
-75.7009000000	-43.5668000000
-75.7397000000	-43.6344000000
-75.7640000000	-43.6805000000
-75.7983000000	-43.7530000000
-75.8192000000	-43.8323000000
-75.8268000000	-43.8570000000
-75.8374000000	-43.9016000000
-75.8497000000	-43.9295000000
-75.8670000000	-43.9689000000
-75.8658000000	-44.0020000000
-75.8649000000	-44.0466000000
-75.8582000000	-44.1260000000
-75.8547000000	-44.1574000000
-75.8490000000	-44.1954000000
-75.8443000000	-44.2630000000
-75.8411000000	-44.3074000000
-75.8442000000	-44.3320000000
-75.8613000000	-44.3679000000
-75.8926000000	-44.4134000000
-75.9100000000	-44.4574000000
-75.9022000000	-44.5001000000
-75.8941000000	-44.5330000000
-75.8882000000	-44.5626000000
-75.8751000000	-44.5841000000
-75.8498000000	-44.6532000000
-75.8557000000	-44.6940000000
-75.9040000000	-44.7699000000
-75.9328000000	-44.8135000000
-75.9524000000	-44.8506000000
-75.9671000000	-44.8829000000
-75.9822000000	-44.9250000000
-75.9952000000	-44.9720000000
-76.0083000000	-45.0221000000
-76.0167000000	-45.0723000000
-76.0271000000	-45.1078000000
-76.0325000000	-45.1353000000
-76.0334000000	-45.1612000000
-76.0322000000	-45.1969000000
-76.0330000000	-45.2195000000
-76.0116000000	-45.2668000000
-76.0122000000	-45.2845000000
-76.0091000000	-45.3331000000
-76.0077000000	-45.3605000000
-76.0063000000	-45.3880000000
-76.0052000000	-45.4219000000
-76.0091000000	-45.4718000000
-76.0192000000	-45.5023000000
-76.0252000000	-45.5456000000
-76.0263000000	-45.5794000000
-76.0246000000	-45.5971000000
-76.0207000000	-45.6197000000
-76.0122000000	-45.6375000000
-75.9945000000	-45.6586000000
-75.9748000000	-45.6862000000
-75.9687000000	-45.7088000000
-75.9677000000	-45.7489000000
-75.9713000000	-45.7873000000
-75.9747000000	-45.8241000000
-75.9728000000	-45.8391000000
-75.9710000000	-45.8498000000
-75.9652000000	-45.8819000000
-75.9417000000	-45.9334000000
-75.9183000000	-45.9881000000
-75.9099000000	-46.0121000000
-75.8907000000	-46.0539000000
-75.8735000000	-46.0876000000
-75.8649000000	-46.1053000000
-75.8326000000	-46.1695000000
-75.8202000000	-46.2079000000
-75.8145000000	-46.2445000000
-75.8160000000	-46.2890000000
-75.8123000000	-46.3160000000
-75.8184000000	-46.3635000000
-75.8330000000	-46.3886000000
-75.8648000000	-46.4499000000
-75.9039000000	-46.5252000000
-75.9267000000	-46.5896000000
-75.9373000000	-46.6336000000
-75.9407000000	-46.6682000000
-75.9466000000	-46.7060000000
-75.9619000000	-46.7530000000
-75.9838000000	-46.7935000000
-76.0135000000	-46.8606000000
-76.0340000000	-46.9263000000
-76.0582000000	-46.9651000000
-76.1021000000	-47.0443000000
-76.1155000000	-47.1035000000
-76.1255000000	-47.1284000000
-76.1734000000	-47.1917000000
-76.2373000000	-47.2531000000
-76.2804000000	-47.3085000000
-76.3190000000	-47.3671000000
-76.3549000000	-47.4116000000
-76.3838000000	-47.4547000000
-76.4221000000	-47.5037000000
-76.4934000000	-47.5817000000
-76.5199000000	-47.6200000000
-76.5676000000	-47.6766000000
-76.6040000000	-47.7363000000
-76.6404000000	-47.7959000000
-76.6601000000	-47.8373000000
-76.6775000000	-47.8771000000
-76.6969000000	-47.9107000000
-76.7120000000	-47.9489000000
-76.7340000000	-47.9916000000
-76.7492000000	-48.0344000000
-76.7594000000	-48.0650000000
-76.7723000000	-48.1062000000
-76.7899000000	-48.1519000000
-76.8120000000	-48.1960000000
-76.8480000000	-48.2444000000
-76.8634000000	-48.2931000000
-76.8746000000	-48.3525000000
-76.8908000000	-48.4254000000
-76.8990000000	-48.4634000000
-76.9151000000	-48.5317000000
-76.9213000000	-48.5787000000
-76.9413000000	-48.6285000000
-76.9583000000	-48.6556000000
-76.9756000000	-48.6917000000
-76.9973000000	-48.7247000000
-77.0169000000	-48.7623000000
-77.0430000000	-48.7861000000
-77.0702000000	-48.8462000000
-77.0949000000	-48.8987000000
-77.1199000000	-48.9587000000
-77.1444000000	-49.0035000000
-77.1664000000	-49.0453000000
-77.1938000000	-49.1081000000
-77.1943000000	-49.1231000000
-77.1983000000	-49.1712000000
-77.1998000000	-49.2132000000
-77.1990000000	-49.2567000000
-77.2054000000	-49.3090000000
-77.2045000000	-49.3479000000
-77.2082000000	-49.3882000000
-77.2118000000	-49.4270000000
-77.2112000000	-49.4748000000
-77.2123000000	-49.5061000000
-77.2048000000	-49.5539000000
-77.2041000000	-49.5971000000
-77.1939000000	-49.6330000000
-77.1855000000	-49.6569000000
-77.1793000000	-49.6748000000
-77.1600000000	-49.7108000000
-77.1478000000	-49.7540000000
-77.1421000000	-49.7897000000
-77.1369000000	-49.8372000000
-77.1270000000	-49.8803000000
-77.1247000000	-49.8788000000
-77.1075000000	-49.9766000000
-77.0996000000	-50.0122000000
-77.0696000000	-50.0687000000
-77.0570000000	-50.1027000000
-77.0420000000	-50.1309000000
-77.0113000000	-50.1696000000
-76.9980000000	-50.1816000000
-76.9737000000	-50.2055000000
-76.9448000000	-50.2309000000
-76.9297000000	-50.2561000000
-76.9221000000	-50.3002000000
-76.9165000000	-50.3369000000
-76.9007000000	-50.4060000000
-76.8977000000	-50.4499000000
-76.8904000000	-50.5012000000
-76.8810000000	-50.5597000000
-76.8709000000	-50.5978000000
-76.8628000000	-50.6256000000
-76.8442000000	-50.6812000000
-76.8339000000	-50.7148000000
-76.8281000000	-50.7454000000
-76.8183000000	-50.7891000000
-76.8059000000	-50.8270000000
-76.7978000000	-50.8575000000
-76.7849000000	-50.8809000000
-76.7742000000	-50.9013000000
-76.7464000000	-50.9538000000
-76.7296000000	-50.9975000000
-76.7149000000	-51.0338000000
-76.6959000000	-51.0774000000
-76.6746000000	-51.1224000000
-76.6582000000	-51.1759000000
-76.6522000000	-51.1990000000
-76.5972000000	-51.3233000000
-76.5826000000	-51.3637000000
-76.5669000000	-51.4341000000
-76.5552000000	-51.4901000000
-76.5387000000	-51.5403000000
-76.5242000000	-51.5819000000
-76.4982000000	-51.6208000000
-76.4679000000	-51.6711000000
-76.4488000000	-51.7112000000
-76.4292000000	-51.7385000000
-76.4140000000	-51.7615000000
-76.4058000000	-51.7872000000
-76.4011000000	-51.8454000000
-76.4123000000	-51.9005000000
-76.4145000000	-51.9600000000
-76.4008000000	-52.0224000000
-76.3952000000	-52.0563000000
-76.3919000000	-52.0917000000
-76.3800000000	-52.1412000000
-76.3702000000	-52.1850000000
-76.3558000000	-52.2302000000
-76.3455000000	-52.2598000000
-76.3372000000	-52.2824000000
-76.3288000000	-52.3036000000
-76.3250000000	-52.3261000000
-76.2999000000	-52.3896000000
-76.2859000000	-52.4430000000
-76.2879000000	-52.4961000000
-76.2803000000	-52.5395000000
-76.2783000000	-52.6065000000
-76.2776000000	-52.6483000000
-76.2632000000	-52.6931000000
-76.2509000000	-52.7308000000
-76.2337000000	-52.7616000000
-76.2147000000	-52.8021000000
-76.2090000000	-52.8355000000
-76.1907000000	-52.8967000000
-76.1766000000	-52.9454000000
-76.1645000000	-52.9911000000
-76.1680000000	-53.0215000000
-76.1783000000	-53.0531000000
-76.1841000000	-53.0847000000
-76.1832000000	-53.1811000000
-76.1849000000	-53.2251000000
-76.1683000000	-53.2707000000
-76.1476000000	-53.3272000000
-76.1311000000	-53.3754000000
-76.0948000000	-53.4443000000
-76.0707000000	-53.4733000000
-76.0360000000	-53.5230000000
-76.0008000000	-53.5616000000
-75.9754000000	-53.6165000000
-75.9632000000	-53.6561000000
-75.9434000000	-53.6754000000
-75.9126000000	-53.7085000000
-75.8932000000	-53.7400000000
-75.8669000000	-53.7715000000
-75.8364000000	-53.8126000000
-75.8167000000	-53.8346000000
-75.8000000000	-53.8781000000
-75.7614000000	-53.9435000000
-75.7506000000	-53.9626000000
-75.6909000000	-54.0160000000
-75.6309000000	-54.0640000000
-75.5822000000	-54.1077000000
-75.4842000000	-54.1776000000
-75.4329000000	-54.2119000000
-75.3571000000	-54.2652000000
-75.2654000000	-54.3227000000
-75.2055000000	-54.3716000000
-75.1746000000	-54.4015000000
-75.0625000000	-54.4617000000
-74.9975000000	-54.4972000000
-74.9212000000	-54.5369000000
-74.8337000000	-54.5820000000
-74.7394000000	-54.6297000000
-74.6584000000	-54.6680000000
-74.5798000000	-54.7062000000
-74.4853000000	-54.7485000000
-74.3727000000	-54.7977000000
-74.2488000000	-54.8495000000
-74.1862000000	-54.8873000000
-74.1478000000	-54.8997000000
-74.1238000000	-54.9304000000
-74.0636000000	-54.9707000000
-74.0146000000	-55.0056000000
-73.9788000000	-55.0271000000
-73.9410000000	-55.0552000000
-73.9030000000	-55.0781000000
-73.8515000000	-55.1076000000
-73.7864000000	-55.1400000000
-73.7010000000	-55.1831000000
-73.5956000000	-55.2381000000
-73.5061000000	-55.2890000000
-73.4570000000	-55.3223000000
-73.4126000000	-55.3568000000
-73.3844000000	-55.3950000000
-73.3694000000	-55.4225000000
-73.3388000000	-55.4581000000
-73.2854000000	-55.4965000000
-73.2223000000	-55.5207000000
-73.1703000000	-55.5396000000
-73.1092000000	-55.5559000000
-73.0639000000	-55.5682000000
-73.0230000000	-55.5778000000
-72.9757000000	-55.5966000000
-72.9243000000	-55.6271000000
-72.8841000000	-55.6535000000
-72.8372000000	-55.6826000000
-72.7991000000	-55.7037000000
-72.7517000000	-55.7199000000
-72.7177000000	-55.7281000000
-72.7064000000	-55.7334000000
-72.6157000000	-55.7552000000
-72.5573000000	-55.7831000000
-72.4829000000	-55.8111000000
-72.4335000000	-55.8350000000
-72.3931000000	-55.8561000000
-72.3505000000	-55.8772000000
-72.3012000000	-55.9036000000
-72.2291000000	-55.9328000000
-72.1415000000	-55.9764000000
-72.0490000000	-56.0096000000
-71.9522000000	-56.0493000000
-71.9501000000	-56.0545000000
-71.9139000000	-56.0652000000
-71.7829000000	-56.1091000000
-71.6628000000	-56.1414000000
-71.5697000000	-56.1617000000
-71.4744000000	-56.1808000000
-71.3726000000	-56.2127000000
-71.2415000000	-56.2540000000
-71.1805000000	-56.2738000000
-71.0969000000	-56.3029000000
-70.9952000000	-56.3335000000
-70.9113000000	-56.3549000000
-70.8300000000	-56.3826000000
-70.7501000000	-56.4433000000
-70.6622000000	-56.4786000000
-70.5589000000	-56.5281000000
-70.4937000000	-56.5567000000
-70.3968000000	-56.5946000000
-70.3493000000	-56.6078000000
-70.3084000000	-56.6159000000
-70.2518000000	-56.6318000000
-70.1702000000	-56.6517000000
-70.0925000000	-56.6552000000
-70.0262000000	-56.6599000000
-69.9714000000	-56.6631000000
-69.9348000000	-56.6635000000
-69.8477000000	-56.6608000000
-69.7835000000	-56.6591000000
-69.7334000000	-56.6661000000
-69.6743000000	-56.6769000000
-69.6201000000	-56.6952000000
-69.5549000000	-56.7250000000
-69.4554000000	-56.7539000000
-69.3777000000	-56.7587000000
-69.2735000000	-56.7851000000
-69.1622000000	-56.8079000000
-69.0356000000	-56.8459000000
-68.9000000000	-56.8890000000
-68.7779000000	-56.9281000000
-68.6515000000	-56.9722000000
-68.5636000000	-57.0058000000
-68.4531000000	-57.0447000000
-68.3223000000	-57.0924000000
-68.1552000000	-57.1506000000
-68.0671000000	-57.1790000000
-67.9723000000	-57.2100000000
-67.8451000000	-57.2365000000
-67.7640000000	-57.2673000000
-67.6485000000	-57.2985000000
-67.5742000000	-57.3291000000
-67.4687000000	-57.3774000000
-67.3471000000	-57.4272000000
-67.2615000000	-57.4603000000
-67.2094000000	-57.4745000000
-67.1056000000	-57.5091000000
-67.0695000000	-57.5219000000
-66.9767000000	-57.5476000000
-66.8994000000	-57.5621000000
-66.8037000000	-57.5719000000
-66.7149000000	-57.5853000000
